1 134.351218
2 247.010044
3 332.561901
4 393.528309
5 435.630597
6 467.571273
7 490.755606
8 507.998306
9 524.449405
10 538.253328
11 547.417697
12 560.886745
13 571.924185
14 579.597375
15 586.156035
16 589.784128
17 591.377596
18 593.810652
19 626.272802
20 659.389643
21 690.538764
22 720.672027
23 757.852201
24 790.581643
25 823.972830
26 857.196707
27 887.162077
28 921.027318
29 952.856473
30 986.435282
31 1018.808608
32 1052.163089
33 1085.453110
34 1119.787755
35 1155.736004
36 1187.529104
37 1217.934265
38 1248.037461
39 1280.275925
40 1319.482070
41 1345.041471
42 1383.597350
43 1409.909017
44 1447.874439
45 1480.916813
46 1505.839835
47 1543.355162
48 1580.757440
49 1599.673986
50 1645.765784
51 1675.683941
52 1712.210393
53 1740.678882
54 1729.133039
55 1791.653938
56 1815.908219
57 1821.638377
58 1870.159501
59 1927.312842
60 1883.059199
61 1945.947892
62 2016.049772
63 2027.487664
64 1997.367470
65 2057.807411
66 2128.244276
67 2175.813924
68 2132.545713
69 2170.749530
70 2201.424872
71 2300.913463
72 2327.209766
