1 125.217683
2 251.878542
3 351.614813
4 423.409238
5 475.662151
6 513.351634
7 540.335359
8 558.652976
9 577.131871
10 593.758118
11 604.767686
12 619.758201
13 626.428060
14 640.216649
15 641.033346
16 644.785859
17 641.536094
18 648.320809
19 685.465560
20 718.391450
21 757.633154
22 789.781803
23 829.206304
24 863.015679
25 905.205725
26 942.017637
27 981.836033
28 1012.127822
29 1052.950235
30 1093.281512
31 1126.151490
32 1160.188705
33 1206.369025
34 1242.417371
35 1291.218103
36 1299.163177
37 1344.291550
38 1373.546187
39 1419.199642
40 1460.979075
41 1493.069359
42 1526.679682
43 1555.076937
44 1616.553508
45 1654.269981
46 1675.617256
47 1728.343318
48 1749.169145
49 1795.968948
50 1836.648484
51 1849.569859
52 1912.352121
53 1942.407614
54 1957.004609
55 1977.926342
56 2018.194019
57 2076.002450
58 2098.316625
59 2140.090312
60 2169.438576
61 2199.826764
62 2241.932546
63 2273.101818
64 2314.895193
65 2317.275579
66 2393.332177
67 2406.695427
68 2472.531718
69 2498.048400
70 2544.715421
71 2633.398071
72 2570.115976
