1 125.588598
2 255.781706
3 355.031056
4 427.545929
5 475.216283
6 510.899074
7 543.167194
8 558.212881
9 579.539223
10 595.770920
11 604.808378
12 620.922287
13 632.258126
14 640.093710
15 642.728253
16 648.159551
17 652.421585
18 651.230337
19 686.370652
20 724.786709
21 761.628400
22 796.726252
23 833.217898
24 868.354241
25 907.247547
26 952.080594
27 987.934846
28 1017.623975
29 1060.205070
30 1098.751681
31 1141.948478
32 1170.393150
33 1211.849464
34 1252.412852
35 1289.507279
36 1294.144482
37 1340.073905
38 1386.717328
39 1418.379360
40 1459.619623
41 1482.640137
42 1515.045347
43 1560.409295
44 1580.153275
45 1630.782653
46 1680.178099
47 1711.918376
48 1745.661486
49 1776.692022
50 1820.051507
51 1845.512176
52 1892.648951
53 1923.312714
54 1948.059854
55 1989.391569
56 2005.761550
57 2040.524823
58 2096.908632
59 2132.650885
60 2156.026228
61 2187.758942
62 2242.303294
63 2252.873822
64 2339.044500
65 2383.641071
66 2371.930574
67 2428.636048
68 2477.992331
69 2494.815462
70 2509.866914
71 2586.611055
72 2568.828550
