1 52.102947
2 101.506663
3 153.267393
4 193.037569
5 221.506387
6 254.467900
7 280.003612
8 298.871461
9 318.674442
10 334.204074
11 348.592384
12 363.410058
13 374.316463
14 383.669492
15 390.491150
16 396.826972
17 397.076524
18 399.606787
19 415.318180
20 438.669843
21 451.612794
22 467.199118
23 480.646181
24 495.877092
25 510.832849
26 523.374220
27 538.259122
28 550.192705
29 565.361436
30 581.407602
31 593.085952
32 602.743689
33 610.048567
34 627.136183
35 637.795778
36 640.154661
37 638.389216
38 650.399101
39 657.107397
40 668.117037
41 668.506173
42 676.600859
43 682.418012
44 688.913996
45 693.045719
46 696.243678
47 704.538549
48 708.488758
49 702.115914
50 704.009687
51 716.584543
52 718.243750
53 719.217491
54 726.806250
55 725.104664
56 729.342070
57 739.963779
58 742.006962
59 750.365569
60 755.710812
61 760.247423
62 774.369155
63 781.159221
64 788.827054
65 786.971684
66 792.619131
67 795.645433
68 808.955951
69 809.619084
70 818.786231
71 813.510787
72 817.160368
