1 52.231196
2 98.162352
3 141.279206
4 170.891496
5 191.401663
6 208.882139
7 224.890612
8 230.730872
9 237.123526
10 243.152373
11 248.682295
12 255.226887
13 256.337627
14 260.602023
15 264.841205
16 275.719836
17 267.935430
18 270.732803
19 276.301388
20 289.046475
21 295.357497
22 301.604081
23 307.551662
24 313.405571
25 308.605662
26 310.954338
27 318.138381
28 321.647737
29 319.114521
30 317.533148
31 324.838271
32 320.117419
33 317.986383
34 312.425311
35 312.790431
36 332.506086
37 318.955612
38 304.254698
39 304.247639
40 293.984922
41 270.391764
42 279.216713
43 259.430543
44 273.442200
45 274.997723
46 256.653007
47 254.663526
48 267.773912
49 263.133745
50 240.116216
51 240.446967
52 235.001127
53 244.881067
54 240.639282
55 241.867434
56 233.034438
57 247.124246
58 242.778184
59 245.853829
60 222.133060
61 228.721274
62 213.863601
63 220.290095
64 209.270527
65 202.957857
66 195.210701
67 196.126165
68 214.686200
69 183.921999
70 212.812935
71 178.683145
72 194.123965
