1 55.463240
2 106.418000
3 151.458704
4 189.059527
5 219.290299
6 247.555191
7 271.383925
8 292.574007
9 313.309059
10 328.905417
11 343.284493
12 357.685725
13 371.031580
14 380.722914
15 389.530074
16 393.802610
17 394.871586
18 398.979291
19 417.633510
20 436.661273
21 451.084432
22 469.824191
23 486.766433
24 502.430413
25 517.216589
26 528.873694
27 531.765158
28 557.897563
29 567.777317
30 575.439467
31 592.877789
32 597.874705
33 623.249642
34 636.668441
35 648.341983
36 660.971789
37 667.583871
38 673.243017
39 678.173864
40 646.973390
41 650.314773
42 687.492239
43 657.403576
44 662.280274
45 702.304031
46 708.321019
47 713.979277
48 694.522397
49 722.370980
50 726.815824
51 731.537324
52 733.716627
53 737.446744
54 731.521002
55 745.794187
56 750.434478
57 740.450388
58 717.988548
59 654.481690
60 723.668987
61 765.043041
62 783.352966
63 786.735328
64 785.228208
65 792.044546
66 806.196751
67 809.165171
68 807.216190
69 810.616400
70 819.048278
71 833.405562
72 834.652780
